11.2033
10.4062
9.91037
7.60186
9.49999
11.1709
9.11794
10.1874
10.5779
10.166
11.2801
10.2357
9.50324
10.6576
9.27608
10.0238
8.84285
9.33891
8.64661
8.5214
10.5872
9.98457
8.9889
8.65514
10.4696
10.2233
9.74577
8.11164
9.89746
9.00485
10.483
11.5206
12.5374
10.5958
8.97791
9.50674
8.51077
8.59972
10.918
9.01946
10.9459
8.72086
10.6982
7.82614
12.4669
9.05738
11.1315
10.4828
8.7165
11.7495
10.0473
9.29268
9.19526
9.93873
10.4206
11.7611
10.437
10.7025
10.1507
10.2478
12.6642
10.7384
10.2451
10.7022
9.37286
8.4632
11.9214
9.45138
10.2147
10.5374
9.81383
11.1359
10.1718
10.0785
10.5298
8.00777
10.2768
9.72548
11.102
9.89346
12.1568
9.18692
10.4475
10.8316
10.7363
11.5436
9.79883
9.41333
10.0897
8.1934
9.74603
10.2578
10.1657
10.5076
9.41204
10.2768
9.59837
8.4112
10.2272
10.8644
10.7507
10.0189
11.1271
9.12694
9.90842
10.6235
9.25265
11.1813
9.29901
10.5229
12.0268
7.56235
10.7556
9.92475
10.3339
9.70447
9.96133
11.0543
8.77912
10.8123
8.85825
8.19084
6.97152
11.8236
11.228
9.21445
10.2303
11.5616
12.2426
11.3127
8.60139
9.90202
10.5036
11.3494
9.09994
10.467
10.1574
10.9103
8.44425
9.78407
9.92858
8.75835
9.61687
9.23822
10.6941
11.6009
9.80558
10.2716
10.254
10.1677
8.63248
9.87558
10.1094
9.66944
10.6347
8.30862
9.63633
11.755
10.7405
9.78312
9.00757
9.96725
12.3995
8.63768
10.5665
10.8204
9.13995
9.96431
11.1088
10.6667
8.75775
11.4474
9.73267
9.30115
9.6775
9.56372
9.94829
10.3297
9.08416
9.43662
10.7971
8.48877
9.85941
11.3127
9.17945
10.7175
10.5262
9.9785
8.9451
11.4538
8.87326
9.65993
8.66698
9.61856
8.71923
10.3768
9.99802
9.58082
10.8675
10.102
10.72
9.86607
8.70914
11.3187
12.7762
11.4572
9.33376
8.45402
9.96991
11.4235
10.81
11.1437
10.5378
9.60757
9.59417
8.88994
10.0354
10.1494
8.80486
9.61518
8.64169
9.2256
11.4978
9.71537
10.8776
10.9704
9.93816
10.6247
9.15659
10.9548
9.16706
10.5961
8.36965
9.36025
10.9147
10.9548
10.0107
10.1015
10.4971
10.3202
10.919
9.67284
11.2175
10.9073
9.79904
11.1932
10.1151
9.81902
10.4535
9.15752
12.0467
8.23876
10.1786
10.2646
8.83445
8.04641
10.0488
10.9098
8.42093
11.7579
10.978
11.136
9.94162
11.2596
10.1845
9.32379
10.1867
9.65069
10.9055
8.99661
10.2329
9.29288
9.96136
11.4627
12.3185
10.223
10.2652
10.1866
7.75849
11.3997
11.2822
9.74823
9.98955
9.88332
9.37066
10.5287
10.2339
9.07348
10.7128
9.91765
9.01062
10.0811
10.3894
11.0871
9.92488
9.70778
10.6917
10.4239
8.87451
10.0729
9.11631
11.9227
11.2998
10.387
9.94457
10.8087
10.878
10.436
10.6002
12.0141
11.913
8.8485
9.16484
8.73124
8.77416
9.79989
11.1704
9.45788
9.89035
10.6414
10.4174
10.6167
10.6807
10.4358
9.46131
9.38861
11.0412
10.6323
9.22678
10.1433
10.7046
11.3478
11.0687
8.8087
9.63324
9.49611
9.3575
10.196
10.2649
9.3563
11.9136
9.55641
8.81583
9.27814
8.25852
11.9554
10.0265
10.2982
9.75709
9.03641
10.0449
10.1993
10.9096
9.55608
9.7216
9.0364
8.88761
9.79829
8.77216
10.8684
9.57168
11.5235
10.2573
7.71143
8.9974
10.3413
9.73356
10.663
8.7077
8.68241
11.5322
10.3841
9.08538
8.93764
9.72125
9.95589
10.0116
9.02664
11.0979
10.5391
11.3134
8.84837
11.2015
11.4119
11.316
9.04198
8.3969
8.39118
10.1343
10.024
9.79389
9.97664
8.80905
9.70802
10.4054
10.1061
8.90558
7.68559
8.83058
11.7753
9.69412
9.86411
8.13921
9.29307
11.538
10.0438
9.10896
10.5895
10.6567
11.1234
9.85704
9.63433
9.60611
10.1518
8.43872
9.55742
8.83358
12.3011
10.2391
8.15025
9.67846
11.4283
10.6132
9.27892
10.4243
10.3461
10.7823
9.84703
10.9634
11.8867
10.2218
11.4048
10.1628
10.3746
9.57304
10.4005
8.02982
10.6103
9.45241
10.0535
9.58209
9.59699
11.2499
10.1282
11.2952
11.3783
9.75273
10.5436
12.0453
9.95296
10.9223
10.0463
11.1345
10.0216
10.9261
10.3656
10.0531
10.3339
9.20746
9.95834
10.4388
10.3282
10.4968
9.15488
11.0074
10.7771
9.92569
9.97846
11.2661
12.3759
11.4145
8.9187
7.77103
10.9681
9.67855
10.7169
11.6472
10.5354
10.2494
10.4134
9.69348
9.95371
8.85359
9.66938
10.0745
11.0977
10.2651
9.33388
10.8777
10.9029
10.4328
8.93473
9.51038
7.47253
10.6053
10.2206
9.49639
10.3646
8.18811
8.1297
9.55541
9.95436
10.1724
10.5012
9.39913
9.7688
10.126
9.3785
11.0297
8.48851
9.35051
9.00782
7.69322
9.41126
9.88795
9.48244
10.2264
11.7268
9.1581
9.84107
10.7958
10.0564
11.0218
10.4821
10.3031
9.05576
10.3019
8.85653
10.5855
10.2784
9.48826
8.83919
11.1363
7.65098
9.38111
10.4348
8.72458
9.1837
10.9419
8.59962
9.3038
10.3498
9.84244
9.31959
10.229
8.26054
11.1284
10.7718
9.77306
8.65569
9.50909
8.40938
10.4221
9.09893
12.6572
9.95556
10.901
9.7138
9.79855
7.97329
10.5741
10.6076
10.4905
9.61636
10.2911
11.6726
9.96051
10.3933
9.51225
10.6049
9.47788
11.3696
9.22971
10.5961
9.40605
10.725
11.1491
9.33071
10.5417
9.59123
10.1215
9.81548
7.67229
10.2475
9.93847
9.2587
9.40033
9.55237
8.13895
9.95103
9.86957
7.58329
8.67403
10.1947
9.7033
9.15394
12.1274
9.11145
9.26681
8.97755
10.4365
9.43949
10.701
11.0435
10.3074
9.04305
10.9887
9.19559
11.5091
10.9552
9.97132
9.7699
10.9077
10.478
10.5976
8.79113
11.1753
10.1686
10.7536
10.4892
8.45071
10.5109
8.48198
9.48005
9.82574
8.85201
9.32067
10.5154
11.041
8.66863
9.89388
11.8447
10.631
10.524
9.55543
11.673
9.95643
10.8749
9.05597
10.428
9.24754
10.2217
9.53772
10.5616
9.88821
9.9188
11.1793
10.6747
8.74187
10.102
10.6079
7.80925
12.1899
9.48869
10.428
9.91376
8.6951
10.1756
10.7282
10.452
11.7745
9.94778
10.3229
8.7564
8.20444
10.4737
9.57051
8.89945
10.5689
9.39995
10.3205
10.3684
11.0359
10.1618
10.6631
10.4595
9.54379
7.54162
9.54325
9.41714
10.5061
9.71626
9.41061
9.6005
9.87433
9.64845
9.78268
10.8467
9.22406
10.4827
9.87333
9.62955
9.56367
9.71814
9.58587
10.2015
11.3013
10.2309
9.97701
11.4509
7.85008
11.3284
9.15538
10.0936
10.4117
9.7661
10.0296
10.1549
8.6012
9.89698
10.1904
9.02641
10.7347
9.95847
10.2028
10.6738
11.3316
9.16785
10.3452
9.41534
8.15487
9.67009
9.83211
8.82765
9.02555
10.3166
9.88319
10.492
8.69475
8.76887
10.6587
11.4546
12.3113
10.0866
8.97335
9.954
10.7939
10.0418
10.5966
9.42879
9.42926
11.3709
8.81792
11.5214
10.187
10.4438
9.26076
9.98886
9.85434
9.97525
9.32902
9.06596
9.52777
7.84146
8.08989
11.2354
8.72425
10.7204
10.1128
10.3578
10.0423
10.3662
9.13754
11.4531
9.25485
12.4456
8.53442
9.50817
10.0614
10.1622
10.6399
11.9027
10.6985
9.40627
10.1448
9.93036
10.8196
10.0517
10.0072
7.45123
9.67321
9.77597
10.1274
9.73329
9.80464
10.032
10.3129
8.38084
8.51054
11.3878
8.20899
9.10459
11.2755
10.0014
10.557
9.12008
11.478
8.42566
10.9934
10.8124
11.1005
9.99736
8.89777
10.2746
10.1617
10.5881
7.79513
10.1267
10.1299
10.1004
11.3442
8.44321
9.42269
10.8974
8.8775
9.71857
10.1894
8.91975
10.8965
8.31788
10.4746
10.5163
7.87849
10.7889
10.3008
9.35292
9.6999
9.11278
9.205
9.15782
10.0288
8.81234
8.71573
9.08712
11.4526
10.819
10.0228
8.68849
9.37163
9.49825
12.2503
10.6398
10.6752
9.9831
10.1273
9.74617
9.0655
9.3023
9.02745
9.77199
10.2853
11.5375
9.98265
8.74912
10.6048
9.29713
9.38726
9.36383
9.9265
8.76027
11.1285
10.3701
9.66259
9.84449
10.6874
10.796
9.70781
9.53663
11.9174
10.8606
8.89922
10.0745
10.9633
9.9458
10.204
8.56406
11.9475
9.0242
10.3997
9.91274
7.76918
10.9369
11.3695
8.76571
10.4631
9.79534
9.54601
9.43628
8.79517
9.18628
8.86636
9.8668
11.3376
9.1935
9.17971
11.231
10.3578
9.94634
9.48926
11.5241
10.0321
10.0603
9.37774
9.48983
10.4707
8.86415
11.5531
10.7797
10.3958
10.261
11.8711
11.2871
11.1816
9.35904
8.79394
9.57803
9.13852
9.19587
9.23853
8.84751
9.05157
10.7549
10.1743
9.40498
9.88366
9.16417
10.0845
8.4341
9.85906
12.1845
12.2473
12.9336
11.299
10.4671
10.6729
10.6781
12.1355
10.8805
9.94179
9.40269
10.0149
9.54695
8.38843
9.25637
7.70654
9.33645
8.4056
8.66309
9.55333
10.152
9.26773
9.81796
9.94437
9.52456
7.71337
7.94136
9.41621
8.4939
9.26407
9.4063
11.1346
10.6016
10.0991
11.2115
9.349
9.78045
9.35987
11.5978
10.2549
9.52207
11.4377
11.4155
10.029
9.56152
8.7071
10.2692
8.57956
11.4236
9.14618
10.1073
10.189
10.8668
11.5095
11.9761
9.25997
11.0558
8.94196
10.6719
8.30625
9.3139
10.6722
9.54181
8.96892
10.5379
10.9483
10.2828
8.73572
10.8362
9.5535
9.03471
9.55637
10.695
10.7168
9.46194
9.40089
8.77717
9.6598
11.7737
10.2597
10.4704
10.0532
9.12243
12.498
9.26876
10.019
10.8959
10.6304
10.3744
9.78958
9.91506
11.8431
8.97826
10.6032
10.8464
7.41686
9.86742
10.4145
11.3518
10.6293
9.44608
11.6031
9.40399
8.80711
10.8158
8.70723
9.66082
10.8972
10.2733
10.6636
9.49993
9.65146
10.2801
10.8547
9.7394
10.7164
9.68794
10.3745
9.64413
10.5453
10.254
10.4031
9.82099
11.4064
9.7665
8.40173
9.69065
11.4291
9.50617
11.3219
10.5681
7.95394
9.77467
8.54062
12.5218
10.155
9.81692
8.81982
10.4472
8.42219
9.09809
10.0432
10.7024
8.38171
7.98731
9.4428
9.56498
10.697
9.64003
8.32511
9.45688
10.6765
9.71221
8.70758
8.78673
9.50098
9.33382
9.14975
9.19068
11.1305
9.16172
8.44283
8.59263
8.91358
10.8007
8.98868
10.1256
8.468
10.9038
11.3192
9.98006
9.63046
9.72208
9.73399
9.69645
11.4564
7.8825
9.41244
10.018
8.82903
10.0758
10.6376
9.22525
9.01352
9.51082
10.8818
8.07715
10.1205
10.9006
8.43065
7.46193
10.2463
11.7349
10.6088
10.8987
10.6475
9.70816
9.84204
10.3224
9.30224
10.4107
7.2337
11.2345
10.4606
10.6567
10.7685
11.1922
9.51707
8.69224
10.5176
10.8656
9.60938
9.68376
12.0657
8.08625
11.3851
9.20874
10.4431
10.5804
11.0824
11.6835
10.5244
11.0593
11.1468
9.29837
9.91596
9.90814
10.3667
10.0297
10.5063
9.3993
10.0721
10.8904
10.2282
9.73104
10.3607
9.55047
10.0333
11.2057
9.41416
10.4182
11.174
9.08982
8.81199
9.31254
9.83164
11.4797
8.00437
9.43488
10.1234
10.1351
11.1227
10.583
9.01953
11.1069
9.57015
10.269
11.078
10.4783
10.7375
9.61091
10.1968
9.6274
10.236
10.2634
11.9393
9.61612
9.82939
9.63981
9.3519
9.20874
9.01679
10.891
9.36781
10.3721
10.0595
11.3663
10.3025
9.95112
10.0826
9.2614
8.17497
10.4871
9.03343
10.8841
10.3247
9.51958
10.0673
9.81482
9.13798
11.0823
12.1128
11.6676
11.5177
10.6967
9.8546
9.70677
10.5708
11.0066
9.77594
7.82246
8.91348
8.90521
11.1528
8.69241
11.5414
11.6763
8.91318
10.7014
9.91423
8.0785
10.9968
10.1509
10.2573
8.58175
8.35003
8.96453
9.59623
10.4162
11.8907
7.9966
10.2673
9.69561
8.67135
12.7932
11.1075
10.6428
10.5021
11.2546
9.49505
8.52114
8.93547
10.8896
9.3028
11.0155
9.50586
9.9826
9.42374
10.5521
8.20869
9.78641
8.23105
9.48985
10.1541
9.33994
9.82199
10.4107
9.23564
9.85734
10.0032
8.24036
10.0309
10.6008
8.08742
8.58503
7.99369
9.73343
10.0325
10.9656
9.57989
9.52138
9.72726
9.54171
8.7203
8.93978
11.3063
9.48892
11.2782
11.9977
10.7312
9.24364
9.50084
10.6027
11.53
10.3252
9.8308
9.15949
11.3695
10.314
11.5496
8.42993
9.11222
10.082
10.0874
10.3274
10.3589
8.92559
9.89578
10.0448
9.63802
9.29722
9.66499
10.9438
11.3053
9.00026
8.60192
8.9919
10.9944
11.4208
11.8165
11.6861
10.5167
9.75359
11.2664
11.7721
9.96295
10.2926
9.20015
9.21804
9.98281
10.8327
9.90838
10.0012
8.5
9.17972
10.1275
10.0965
10.73
10.3103
10.202
8.85696
10.4931
11.2926
10.8094
12.4768
10.4994
11.1565
9.98486
9.79297
12.0672
10.454
10.9857
10.8618
10.5822
10.2567
8.97869
8.74717
10.395
9.29326
10.8511
9.50972
10.3228
10.2625
11.0878
11.0546
11.6848
10.58
10.3306
11.1974
9.60965
10.8468
9.39265
10.126
10.741
9.99991
10.2516
10.7623
10.1533
9.84899
10.8358
8.89142
9.02196
9.02915
10.5251
9.49157
11.042
7.87771
8.18543
9.54535
9.41262
9.86707
9.00971
12.652
9.72119
10.0019
10.5198
8.84052
9.00113
10.8611
9.96324
11.3739
9.01437
10.8327
10.7379
8.61755
9.98874
10.3348
9.0871
8.85102
7.06011
7.61146
9.28842
9.59221
10.4966
11.8198
9.53842
10.9874
8.30504
11.2634
9.22832
9.51547
9.25302
11.1857
8.51719
9.38878
9.64859
9.02675
11.4646
9.67755
11.0495
9.40012
8.84733
9.95214
8.07406
9.66421
8.44921
10.5961
10.6266
10.1701
11.4199
9.99234
10.9968
9.6629
10.4897
10.6126
8.13613
10.2523
10.5096
10.1225
9.83361
9.44838
11.0978
11.929
12.1607
9.7519
10.1342
8.2852
12.6638
10.1198
10.0953
10.8647
10.2288
10.1048
9.29209
9.61999
10.2344
8.72173
9.55766
9.21873
10.1078
8.59699
10.2223
11.2388
9.81222
9.54882
10.4946
9.78017
9.98166
11.7622
10.5405
11.6064
11.2737
10.5458
8.89679
10.3454
8.58607
9.83961
10.7231
9.14738
9.59666
8.55401
11.7481
9.75994
11.7481
8.21819
10.9692
9.70502
9.53136
10.3479
9.59523
7.68509
9.79964
10.1209
11.2179
8.43953
8.79259
9.62791
9.65629
10.1722
9.00016
9.04264
11.4776
12.2461
9.55002
8.25435
10.0602
8.51462
8.49137
9.85846
8.83472
9.48735
10.4452
9.59841
9.84128
9.2322
9.54543
10.5081
10.0171
10.8519
10.3895
9.54056
9.22623
10.6816
11.4919
9.46258
9.22373
6.98302
11.0703
10.6311
9.17689
8.31316
10.0779
12.9196
10.1151
8.48829
7.87352
9.89386
8.17921
10.9511
9.0073
7.46621
11.0643
8.61434
9.88026
8.9619
11.7607
8.41611
10.9383
9.01192
10.1443
9.84047
9.4631
10.3711
11.074
11.6113
7.42179
11.1532
9.06114
10.2413
9.09129
9.81146
10.4867
10.1616
8.7088
9.56108
10.1133
7.90505
10.5606
10.7757
7.80194
9.5557
9.55864
10.2346
8.68132
11.7055
10.2067
9.91462
10.0587
9.34949
9.60004
8.54441
10.8232
9.25808
10.6233
10.4932
9.61841
10.7148
8.2245
8.85522
10.8739
10.61
11.4609
10.8009
8.09718
10.0992
11.1038
9.60022
10.4859
8.90778
8.34496
9.95713
9.71669
8.74811
10.3118
9.35585
9.18348
9.93327
9.72969
9.91463
11.1375
9.16995
10.7281
9.14666
11.9752
9.23673
10.1092
9.40495
7.69245
9.31003
9.90968
9.68846
9.61824
11.3803
9.87846
10.0592
10.8886
11.0621
9.10339
11.1199
8.84324
10.9116
10.8654
8.87024
10.3806
9.95944
10.81
10.0644
9.44538
11.8433
10.2515
9.75675
11.5606
9.17809
10.1397
10.8801
8.07319
10.4962
9.64729
10.7715
10.1857
11.0851
11.9171
9.66306
9.99639
10.5234
9.57476
8.52052
9.86646
8.96742
10.6654
11.3939
9.02125
10.4309
11.0243
8.96758
10.6741
10.5682
8.0193
11.1777
10.4265
9.0718
9.0657
9.35413
11.4344
10.3486
10.924
10.2563
10.2893
9.39566
9.76792
9.6961
10.0494
10.6945
10.2464
9.23375
10.08
10.9629
11.0032
10.4718
10.2764
10.8382
9.41849
9.79275
8.73765
10.7369
9.76273
11.1491
10.528
8.88291
11.3794
10.9617
11.3188
10.2035
10.3686
9.40307
9.59371
11.3499
10.7848
10.9779
8.35344
8.00805
11.9754
10.5126
10.8274
8.5863
9.52166
10.5175
9.94438
10.7632
9.56442
11.0309
9.3713
9.60729
8.99132
10.3326
11.0524
9.46044
9.37787
8.1664
9.69162
7.37828
10.5268
10.0961
11.1015
10.4334
10.3767
10.856
10.4339
9.05633
9.17418
8.32705
9.65549
9.9846
10.5761
11.6079
10.8433
12.4786
10.8028
9.49908
10.7297
9.64947
11.5475
8.29099
11.1256
9.80832
10.076
9.45323
10.731
10.0225
9.6086
9.78894
9.18196
8.31916
10.5204
10.5388
10.9709
10.6867
10.1998
10.8949
10.561
10.1304
9.00459
9.7564
9.79792
9.06222
10.2159
8.70837
7.80514
9.13804
11.1218
9.52957
9.88857
10.9147
9.17615
10.1418
10.542
9.81626
11.678
9.48155
9.47353
8.90774
10.0457
8.71908
10.2374
8.76442
7.99992
9.72002
11.2816
8.74666
9.89255
10.778
9.63791
11.3282
11.0065
10.5049
11.1679
10.6285
10.7427
6.74197
10.5557
8.98468
11.6087
11.7985
9.2114
9.69783
12.0208
10.9045
8.53877
10.9095
10.4062
10.7675
10.1537
7.88031
12.9354
9.13756
9.86942
9.70657
11.0107
9.90435
8.31903
11.1203
11.4044
11.0735
9.7915
9.41892
10.6661
10.4672
8.67268
10.4347
10.0018
9.6748
10.0917
9.63017
10.2523
10.2215
8.20173
10.4061
8.94439
10.828
10.1803
9.5906
10.6145
10.7188
8.63877
9.42258
10.2609
8.54401
10.4638
11.5052
10.7848
11.9464
9.05882
9.9999
11.9956
8.67964
12.272
10.1231
8.87392
10.3096
11.9715
8.47213
10.6451
10.4543
12.2559
12.3035
11.7768
9.35406
8.55575
10.1627
10.0036
9.38488
8.21108
8.78681
10.4215
9.20708
9.75167
9.07887
9.96677
11.0092
11.1353
10.4505
10.1687
11.0789
9.82545
11.5352
8.98028
9.52829
8.94225
10.1397
10.1862
10.179
10.6298
8.09348
12.6281
10.098
9.04948
10.9567
10.9131
9.18833
9.0944
10.6287
10.1312
10.1028
10.4053
9.69949
10.7942
10.9091
10.2282
10.6266
8.26508
9.38026
8.47724
10.5621
9.42509
9.59219
9.71532
11.0055
10.4129
9.53884
10.553
8.58119
11.05
10.4582
10.1887
9.56523
10.5521
9.78606
10.083
10.0092
10.3088
11.4089
11.3633
10.201
9.55404
9.90215
9.07142
9.40719
10.5179
8.6577
8.79264
10.8497
9.87767
8.40658
9.38907
9.72463
8.01775
10.786
10.8102
11.9733
10.9749
8.58406
10.07
9.88315
9.99313
10.9903
8.59826
8.06148
11.3327
9.81467
9.79445
11.725
10.9247
9.72478
9.03437
9.68857
10.2022
9.27185
9.61715
9.50204
9.25793
8.68471
11.9551
9.3933
9.69891
9.63056
8.73777
9.26575
10.2352
9.59456
8.71068
9.62534
8.75828
10.1449
10.0352
9.39119
9.06917
9.96801
11.1256
10.7122
9.4255
9.8039
9.50645
9.83466
9.94218
11.227
9.29066
10.3697
9.26979
11.433
8.91808
10.0446
9.20449
11.4791
9.73725
8.88732
8.1025
10.2012
11.5326
9.54388
9.95419
10.0214
10.6062
11.9732
10.537
10.9068
11.351
8.80869
8.59047
10.4717
8.36704
9.92427
7.64626
10.3146
9.1498
6.95323
10.6506
11.4789
12.4617
9.43023
9.25863
10.5276
10.7975
8.03711
10.9643
9.76597
10.8502
8.63549
10.5732
9.09421
10.6788
11.2631
12.0483
9.78176
9.43582
9.2608
11.372
7.30879
9.45084
10.0734
10.6871
9.32337
9.86498
11.7746
8.44945
10.2253
10.5912
9.72346
9.26958
10.152
11.0493
11.1816
10.9161
10.5176
10.4065
9.51981
8.25028
8.4794
11.3423
8.54089
10.4342
10.3795
8.91905
9.27351
9.30979
10.445
11.3384
10.6346
11.018
10.0348
9.25021
10.8254
9.30543
11.1535
9.17248
10.6188
10.7038
9.46905
9.16837
10.4143
9.16963
10.7251
9.27676
10.3967
11.4107
11.0636
11.8961
9.45298
9.75879
9.73548
8.24003
10.2694
9.40526
11.3043
9.42676
9.20742
10.1821
11.1128
10.2055
10.7534
11.3998
9.80913
10.8051
9.24406
9.77987
10.5757
10.0455
12.2628
9.43006
10.0682
10.4704
9.44493
10.1585
9.27127
10.6431
11.8832
9.77276
11.0795
10.0902
8.88918
10.1263
9.6895
9.56188
9.23525
10.3332
8.35598
8.52888
9.59416
11.6267
10.5628
8.98974
10.3929
11.203
10.6372
11.3404
9.57757
10.0285
10.3039
10.1244
10.3032
9.12845
10.6649
11.6978
9.54212
9.66141
10.1904
11.2693
9.20043
10.3303
9.74202
8.30012
8.83507
11.4406
11.0507
10.9284
9.87162
11.1107
11.2896
11.4515
9.30765
10.3621
10.7669
9.01759
10.3608
11.0311
11.2275
10.4723
8.54276
10.1145
9.92438
10.5098
9.44314
9.74741
10.5957
9.66515
8.99517
10.3568
10.4957
9.3394
11.4932
9.82376
10.0709
10.9781
10.8102
7.89361
10.553
11.5534
10.8954
8.95379
9.31354
8.68493
11.1291
10.6413
10.6937
11.8955
11.0359
10.027
10.5196
10.529
9.29557
11.0204
9.00498
8.40652
8.77187
9.89377
10.5284
8.7737
11.0749
11.7997
8.73394
9.84299
8.63535
10.4684
8.75526
8.76598
9.41514
9.93323
10.8073
11.5552
8.80006
11.2021
10.3747
11.47
10.217
8.34054
12.3266
10.1298
10.4122
11.4001
12.1677
10.5001
9.17306
9.94846
9.28564
10.4984
9.09294
9.71473
10.6813
10.6093
9.55246
11.2508
9.78129
10.5007
9.44892
8.18589
8.95043
8.57531
10.3247
8.33656
9.83176
10.5994
9.26889
11.9595
9.99402
11.2155
10.1039
9.28058
8.08577
8.64265
10.0356
9.5489
9.64427
11.9107
8.72745
10.629
10.724
11.7685
11.4838
10.9619
10.1557
11.5499
9.73274
9.2409
8.29271
9.91706
9.9973
12.1559
9.34315
11.1554
9.06424
10.9741
9.14952
9.51852
9.58243
8.71127
10.3934
11.0261
9.94953
9.44291
11.7578
9.48632
10.0196
10.0078
11.5957
10.0105
11.4008
10.8132
11.614
11.5416
7.68853
11.1168
11.607
9.7128
9.24217
8.10002
8.2115
8.20599
9.98129
10.6413
9.57265
10.1954
8.89536
12.2845
8.3285
10.1391
9.65052
9.01877
9.35354
10.4291
10.0737
11.0621
10.3733
9.96243
9.4294
10.0775
9.37733
10.6002
9.60885
11.4827
7.92236
10.6984
8.58412
12.2492
11.4372
10.1365
8.12441
9.60809
7.58983
11.4545
9.74788
9.64384
11.6618
10.3181
9.50168
11.7785
11.0764
9.28518
8.62702
7.89281
9.83447
10.3253
8.85794
12.1029
7.46413
11.948
12.5134
10.8965
10.1187
9.37328
10.0623
11.0434
9.26195
8.78617
9.41376
11.1069
9.34865
9.1274
11.036
9.74079
7.78846
11.1777
9.11098
6.90439
11.5524
9.48632
9.25046
8.98659
12.2897
9.38032
8.3436
8.9421
9.68143
9.79792
9.96718
8.64411
11.1583
9.07628
11.2363
9.05972
9.56372
10.6398
11.3391
8.23446
9.38679
11.5495
10.6752
9.67567
10.4819
9.78191
9.75538
10.4005
7.87319
9.78818
9.77728
11.0196
10.3156
9.83548
9.48767
10.337
10.1554
11.6584
11.908
10.5494
10.7455
9.86382
9.76343
10.0526
9.51162
9.6621
10.3957
10.2058
10.0935
8.61537
11.5559
9.97583
11.3176
9.58018
10.5329
10.2626
10.4585
8.50997
11.443
11.359
10.7517
9.14223
11.3071
9.71105
12.0415
9.75162
10.6577
9.89105
9.34804
9.90718
8.97003
10.4699
8.35139
9.1213
10.8975
9.84092
11.3214
8.30625
8.92189
9.38668
8.65665
9.48812
10.5847
9.50908
8.24276
9.28235
9.49593
8.21968
11.215
7.81151
10.1389
9.37074
9.42267
9.77069
9.5758
11.1557
10.2575
11.6192
8.26716
10.9564
8.00859
9.90505
9.70433
11.0749
8.8346
10.657
10.4578
11.9419
10.4526
10.3723
9.49651
10.9841
8.04175
10.3611
9.73548
9.72712
9.43031
10.497
9.5644
9.24801
9.38211
10.5801
8.90986
10.7533
9.11291
7.56026
9.49934
9.49913
10.9381
10.1934
9.46304
10.6189
10.8091
8.70069
9.27039
12.5072
11.0329
8.27299
9.84096
9.34372
9.95062
10.1568
10.484
9.44202
8.78757
9.3083
9.66523
10.1886
10.4665
9.64236
11.6047
10.8825
10.8709
9.14829
10.4833
11.3383
10.1252
11.1514
11.0715
9.65319
9.14189
10.3783
8.81059
8.75531
9.26572
10.0238
11.8417
10.074
10.4983
8.88672
10.0338
11.2054
10.1957
11.5477
8.77303
11.741
11.7408
9.59858
11.1953
9.69983
8.08016
10.4074
9.06491
10.09
10.1083
9.866
9.42104
9.87686
7.80256
12.0268
9.66001
8.77689
11.2939
7.18361
9.31956
11.0913
8.44326
9.23131
10.6662
9.22621
11.7606
9.8326
10.3786
11.4691
10.1143
9.2953
10.489
10.5242
10.4072
10.1291
9.95127
9.62686
10.1593
8.47343
10.0476
9.82824
8.20077
8.51951
9.56754
9.6126
9.40553
9.77316
11.176
10.3862
9.78558
10.6745
7.77874
9.27576
10.6411
12.1995
10.2481
10.5498
9.93427
11.0252
10.776
10.222
12.3132
8.61916
9.87114
9.0794
10.1395
10.3202
8.53415
9.59183
10.1873
9.57726
8.14275
8.85119
9.90046
10.1384
9.15676
8.95257
10.3076
10.4245
9.30526
10.3219
10.2902
9.99696
9.217
8.77735
9.64631
10.405
7.34894
8.84884
10.8962
9.07813
9.87458
7.76919
10.2706
9.71998
10.7094
11.4032
8.90722
10.7249
10.8538
11.0454
9.46807
9.43575
9.75484
11.3543
11.8324
10.5375
9.38586
9.774
9.35755
10.1598
12.6117
9.82172
9.37825
8.43586
8.91051
10.3143
9.96078
9.12453
10.1307
10.814
9.5724
10.0689
11.7822
10.2925
10.1832
9.1159
10.774
9.14539
11.4179
11.2378
10.0819
10.4791
10.7768
9.58066
11.0468
10.3947
8.62453
8.61716
8.14527
8.94388
9.97431
9.24285
9.3345
9.24028
10.896
11.8776
8.93644
8.86449
10.2499
9.24773
8.92284
9.51932
9.2291
9.24193
9.88516
9.41329
12.1456
10.8714
9.67981
8.7867
9.60304
8.70004
9.71697
9.35561
11.3949
10.2513
9.6291
8.86018
8.49206
10.1077
9.93021
10.5636
10.5573
9.58969
10.2924
8.5916
8.81977
11.7253
10.3934
11.8605
9.34118
9.69315
9.38039
8.40486
9.92565
11.827
10.3133
9.49938
10.1222
8.93921
9.0814
9.34079
10.8272
10.5525
9.51709
9.28228
9.26931
11.1894
9.54227
10.8865
10.8367
9.67761
10.2292
10.4007
9.35331
10.0264
10.2415
7.96902
8.5213
9.16715
8.79525
7.57278
10.6192
9.13184
9.31527
10.0513
10.6767
9.17171
11.7951
9.73269
9.39706
10.584
11.6139
10.5395
9.95521
10.6219
10.0225
9.50232
8.09092
12.04
10.1106
10.8287
9.91167
8.61366
10.737
10.8296
9.04797
10.6756
11.516
12.3629
9.82909
8.30537
14.0894
11.3343
10.09
12.3222
11.2986
8.3869
9.59162
10.9607
8.70889
9.06384
9.97836
11.0091
10.9631
8.65201
7.8681
10.73
10.7973
11.2353
8.91062
9.30183
9.48264
10.9427
10.7945
11.5958
8.83415
11.6434
10.1546
9.98353
8.98559
10.2366
9.6797
10.1495
9.43846
9.4357
9.9019
10.834
10.8292
9.21407
9.34197
11.1585
11.6309
9.80381
12.2825
9.23777
9.95118
10.017
9.24243
10.8752
10.1049
9.87263
9.79273
12.867
10.227
12.0007
10.8835
10.5798
10.007
9.62642
10.8726
10.515
10.4635
11.083
11.5578
8.21658
10.4866
10.5003
9.50376
11.2058
9.27699
11.1628
9.36037
10.345
10.2811
10.7739
8.94527
9.93298
8.38825
9.27771
11.2467
10.1443
9.71479
8.66824
11.5825
9.44515
9.49165
8.94861
8.9969
9.76234
9.52671
8.77413
9.85061
10.0135
9.92799
10.8151
9.65934
11.3825
10.2147
10.4415
10.235
9.71615
9.37351
9.87373
7.80571
11.646
10.8805
9.12538
9.65017
9.65164
10.6366
10.5238
11.5244
9.51603
9.20968
9.97856
10.6164
7.42341
8.93591
10.387
9.15031
10.4623
12.4425
9.53075
7.90001
10.0681
9.25425
10.4011
10.5901
9.70982
9.9744
8.69236
11.4493
10.8216
10.5368
10.7947
9.1355
7.57977
9.63949
9.17422
9.51772
10.7227
11.6138
10.3902
9.27013
8.42819
8.17462
10.4419
10.5362
9.6793
10.5108
10.2719
11.9756
10.3395
9.67847
10.3364
9.51982
12.2479
9.5145
12.8279
9.57189
11.0781
9.1359
8.95139
10.9627
10.7562
8.92745
9.88169
10.7784
11.0933
9.34757
11.0106
9.79658
10.9095
9.77309
10.5708
9.03038
9.48638
8.40222
10.3076
10.5142
8.11015
9.34096
9.01124
8.11661
10.2533
9.87253
9.2713
9.03043
8.23012
10.7942
11.5056
10.4463
9.3751
9.98563
11.6938
11.9094
9.8136
9.77505
10.0395
9.84176
8.78138
9.11121
10.506
10.2251
9.76769
8.74847
9.03747
10.2491
9.90537
11.0718
12.1908
9.51439
10.2553
9.07934
7.48927
9.65356
12.143
10.5034
10.4726
9.58356
13.4947
8.64276
7.90832
11.6007
9.60454
9.32415
8.44012
9.87401
10.6475
10.3055
9.64483
10.2412
9.13424
12.2235
9.82708
9.3638
11.0249
10.0817
10.6211
9.61902
9.87037
9.72382
10.4828
8.7643
10.4273
10.6578
10.2637
8.76586
10.8873
12.5906
9.22849
11.3456
8.4345
9.14378
10.2341
7.67134
10.3848
10.4126
9.64576
8.59896
9.57545
8.21139
10.1098
9.90049
9.06966
9.60294
10.3399
8.71889
9.7293
11.0947
10.7228
9.75128
9.70904
9.99064
9.4858
8.54656
11.2233
8.72534
9.7739
8.3837
11.3366
11.1329
9.44389
10.2723
9.9352
10.5134
10.9155
9.93033
10.3211
10.2399
10.1205
10.3078
10.7325
9.88952
10.1182
8.32971
11.6594
11.3422
9.46234
10.552
10.9355
9.11274
8.97833
9.71329
11.0647
9.80222
10.1092
9.18975
10.9587
10.643
9.82049
12.202
10.0085
8.65968
10.2905
10.3826
9.7378
8.11018
8.21284
9.66885
9.99239
9.90085
9.09491
9.70449
10.1583
9.47235
9.92529
8.71809
8.24044
10.4675
9.47798
10.9538
8.93018
11.4345
9.64674
10.8846
10.652
8.5008
9.81457
10.8029
8.28491
9.82897
9.40289
10.4968
10.0474
10.5069
10.494
9.47947
11.3324
10.7936
11.3641
10.3143
9.92235
9.82432
11.2475
11.184
9.69247
9.43734
10.6848
9.21196
11.0081
10.349
11.8983
9.8771
9.73209
8.87001
11.1936
10.0159
9.83727
8.44959
8.98074
10.2278
9.39337
10.0594
11.2677
10.3951
10.1523
9.80905
10.0312
10.9584
9.99302
7.59299
10.9252
10.924
9.97916
10.698
8.96987
8.85173
10.0382
8.5699
10.741
8.14928
9.10373
12.1482
9.12743
9.58795
11.4652
10.489
9.56804
11.4615
10.4455
9.19322
11.0472
11.968
10.0444
10.8922
9.44988
10.8472
10.4693
11.3502
10.5066
6.53302
12.1771
10.1995
8.6965
11.2996
8.79279
10.954
8.52992
10.974
8.87416
11.1297
11.3145
9.03753
9.43864
10.1316
9.89844
11.2322
10.0234
10.3794
9.66921
9.61386
10.0068
9.75103
8.84981
11.433
10.5663
9.24706
9.65667
9.29694
10.5299
10.8668
7.60036
9.7851
9.5239
8.80111
9.26994
10.4303
10.2932
11.1381
10.7821
8.97835
10.2157
9.38265
10.37
10.7172
9.90705
12.0999
8.38077
12.0408
9.51096
9.1582
11.5042
8.84426
10.1321
10.3902
8.95636
11.1915
10.0475
10.8025
9.51305
9.2505
10.1178
8.44813
9.23904
8.00897
9.96873
10.2346
10.617
9.91006
9.9317
9.93988
10.7842
9.35847
8.72014
10.4417
9.22881
10.4847
12.1855
9.07731
10.9631
8.73964
10.1432
11.5253
10.5078
10.3508
10.0197
9.23718
11.1255
11.6587
9.02754
11.0911
9.09453
9.75094
11.9477
8.97782
10.0439
9.36675
11.193
9.21779
10.6115
9.55372
9.9417
11.0577
10.0545
8.98791
10.61
9.61014
11.0977
10.6547
9.2832
9.90213
7.91114
10.1452
10.7344
9.70099
10.2632
9.67367
10.408
10.4089
12.2325
9.45357
9.44706
8.85609
10.3401
11.3678
10.3591
10.8391
10.8389
9.3258
10.0932
9.53795
8.29145
9.77998
10.7677
7.51129
11.341
10.6725
8.3725
11.1839
8.80317
9.50387
11.1338
9.91093
11.2664
8.79225
9.54969
9.74345
9.3025
9.82282
9.15631
9.88439
9.6172
9.56993
8.83653
8.95674
10.9031
9.28014
10.6123
10.7835
10.6556
11.6167
9.81675
7.8012
8.61941
9.26294
10.2005
11.5242
10.1753
10.6364
9.9362
9.73563
10.2504
9.58263
10.5584
11.0843
10.4128
9.29847
10.3313
10.4838
11.0185
10.8588
7.86151
9.76247
10.194
7.84556
11.497
7.67654
10.7914
8.53689
11.4018
10.7409
11.3275
9.19584
10.0683
9.30693
9.92223
9.89432
9.35533
8.24164
11.0002
10.5595
11.0168
9.97608
10.9691
10.9591
10.1028
10.3562
10.9637
11.278
9.28442
10.6061
9.68331
9.15879
10.1305
11.1519
8.3273
10.2161
9.68143
10.9102
9.31027
11.5238
11.3444
9.97129
10.9225
8.97147
11.8981
8.85802
10.1385
11.1276
9.68012
9.3119
10.0256
10.7082
10.3826
10.9206
8.24528
9.8208
9.70943
9.31552
9.93785
11.2822
9.70565
10.5617
8.40224
9.11635
9.45967
12.157
12.1702
10.9555
8.80582
9.40506
10.8114
9.28682
8.79874
8.96076
9.86018
9.88462
9.43663
9.93825
10.7111
9.31678
8.56486
9.06915
9.63135
12.6465
8.79175
12.4878
9.31332
11.1793
9.11811
11.2132
9.49536
9.98755
11.4859
9.88701
11.4679
11.117
11.8618
11.1908
9.34433
8.84749
10.0906
10.8501
10.1027
9.2758
9.89843
9.65803
11.3969
11.467
8.92744
9.51473
11.6113
12.4856
9.44392
10.8351
9.4832
8.46134
10.7714
9.14195
8.22586
10.214
11.8724
11.4699
11.2897
9.50289
9.31877
12.0658
10.0604
9.77018
10.6449
9.06104
10.3888
10.4199
10.3775
9.16954
10.1395
9.98162
10.8872
7.17457
10.5567
8.85804
9.64726
9.5929
11.0108
9.0982
8.962
10.5105
8.03209
9.92512
9.2638
8.99626
9.76473
9.22087
9.55533
12.6997
11.3159
9.6368
7.36878
10.4064
9.83058
9.193
10.4384
9.78369
9.96357
10.9437
9.78772
9.69787
9.36046
8.31923
9.7555
9.68879
10.3272
10.8178
10.7659
10.1105
9.61668
8.32772
11.221
10.7818
10.5112
10.0362
7.90201
9.86194
10.3259
8.94184
9.89495
11.4149
9.834
10.7908
9.93773
10.6602
10.0545
9.82657
9.45035
10.7891
10.2168
8.80325
9.52106
10.0663
8.59847
10.1478
10.6149
9.33869
9.68356
10.8434
9.84185
8.12254
11.3699
8.63569
9.98379
12.6378
12.4856
9.59596
8.94711
10.2032
12.0614
9.10805
10.9475
11.0847
11.0155
10.613
9.18795
8.68065
10.6987
10.6683
10.841
9.98755
9.00522
8.72185
13.6248
10.9847
8.88575
9.58259
10.4181
9.40832
9.20572
10.8848
11.614
9.50961
10.0533
9.37693
11.2196
11.4407
10.0505
9.91599
9.32121
10.9983
9.30729
9.97895
10.3063
9.80973
9.50558
9.86278
9.32031
9.12736
10.7849
8.81326
9.697
10.0223
9.3175
7.75203
10.6406
10.3285
10.7319
9.25003
11.5518
10.2259
9.73611
8.97886
9.22013
10.9823
10.0716
9.50454
10.1028
7.65508
9.28451
11.873
9.41322
9.69927
10.9836
10.073
8.64153
9.59992
8.1372
8.73632
10.4032
9.59762
8.59273
9.21548
10.096
10.4475
10.5178
10.3123
9.49844
11.5481
9.72848
10.1947
8.92577
9.20426
10.8728
9.19887
9.34191
10.4187
11.188
10.5528
10.4428
10.4032
10.3968
8.70896
10.5489
9.72894
10.4873
9.42505
8.75512
9.25329
10.9079
11.7097
8.99109
8.75181
9.66777
10.7583
11.4614
9.5095
12.361
9.33289
9.94763
10.1147
10.7726
8.32864
10.6475
10.6829
10.2484
8.35959
11.4032
9.83868
10.0245
11.4557
8.52023
9.14297
9.47797
11.1046
9.81467
10.1064
10.097
10.0031
10.0167
10.0251
9.14297
8.63913
10.3498
10.7362
10.49
10.9365
11.6201
10.0138
11.1765
10.783
9.02168
11.0336
10.0166
8.80835
10.0914
12.7287
10.8889
9.28194
9.44459
8.42417
9.45707
10.9227
10.656
10.1934
10.1307
9.4627
9.91956
11.2798
9.89948
10.3651
10.3145
11.4489
9.20276
10.9478
10.0343
9.12574
9.95372
9.6417
10.5168
10.5574
10.9077
11.0946
11.4846
9.90663
11.8538
9.51496
10.3268
10.6779
9.9341
11.0001
8.91494
12.5014
9.49163
10.6657
10.1877
10.4243
9.40076
7.19655
9.16959
10.4167
11.6629
9.73881
11.7081
10.2096
10.482
11.3688
10.1516
7.97142
10.1106
9.32327
10.9304
9.74385
10.348
10.5307
12.0163
10.9982
8.5798
11.1533
10.3922
10.0773
9.8052
9.16039
12.3722
10.8627
10.8706
10.4924
9.40764
10.4005
10.3177
8.51872
8.58709
11.3711
11.3395
8.52921
10.7856
9.20328
10.1903
9.64011
10.0612
11.9701
9.91683
9.35022
9.36265
10.052
11.0581
9.38045
10.383
8.94044
11.1848
10.1897
9.40836
12.0596
9.71273
9.05261
8.58214
10.4431
9.60458
8.02611
9.69747
9.92067
11.1028
10.7746
10.495
8.58579
11.8051
11.6082
8.97347
10.3695
10.1418
9.90332
11.1696
10.152
8.93789
9.03323
9.93148
9.74297
10.7117
8.07611
10.4264
10.6875
10.2019
11.6751
12.0014
10.9313
10.7784
10.22
9.86936
11.7798
10.5048
9.78011
10.9434
10.6414
7.72398
11.8394
9.8215
9.45585
9.86592
9.69337
9.41746
10.9971
10.5382
10.3267
10.72
11.7688
10.6888
8.58459
10.1635
11.0867
9.89352
10.9518
9.91408
8.76106
10.2214
10.3629
9.99562
10.573
8.84474
9.95607
10.4479
10.9781
9.97963
11.3916
8.73895
10.7394
10.2105
11.1786
9.88992
11.6933
9.799
10.3387
8.91692
9.58695
11.3147
8.52317
8.78046
9.71229
9.76837
10.2798
10.1563
9.97098
9.81839
11.1825
10.0535
10.8213
10.185
9.97649
9.32417
8.85509
8.75304
9.4013
11.008
9.41211
7.69065
10.5298
10.2959
12.133
11.1726
10.2162
9.51655
8.88861
11.8877
10.1648
9.99792
10.1109
8.92774
9.84852
11.3766
9.56728
10.2192
9.88057
9.44055
10.9115
8.64493
9.72224
9.91201
10.4181
8.95193
10.9022
9.61296
10.1887
9.39917
10.3397
10.5203
11.3618
9.87239
11.6892
11.6335
10.9
9.74016
11.5622
9.19357
8.62724
10.9254
10.8844
9.06306
9.53371
11.4862
11.2653
10.2795
9.753
8.95342
10.7868
11.491
10.0726
9.98078
10.359
10.4458
9.29159
8.48878
9.00254
10.6421
11.0344
7.40808
9.00602
11.0534
11.3805
10.2125
10.547
9.79226
9.61457
11.4756
10.4328
10.6936
10.4639
9.25434
9.57246
10.7217
9.65468
10.1495
10.1109
9.65399
10.9243
9.90637
11.229
10.6795
9.10207
7.91589
9.57533
9.04873
11.1981
10.1093
10.6713
10.5028
9.63556
9.3297
10.6665
9.80897
11.0156
7.37172
9.36057
10.2125
10.4118
9.18305
9.60258
9.83788
10.4544
10.3346
10.6832
8.77754
9.7947
8.47883
9.77568
10.0283
10.9457
11.0286
8.28467
10.302
7.81069
8.85834
9.54097
8.33875
8.44164
10.0463
10.8774
10.6944
9.12611
9.44284
10.7475
10.4035
10.2675
9.48409
10.8049
9.73869
10.6221
10.011
10.1652
10.8536
8.9865
9.86247
8.43054
10.971
9.48842
11.1228
10.7779
9.97739
9.45062
9.36894
9.82238
11.8127
9.95049
11.0607
10.4023
10.909
10.9098
8.58011
10.0464
10.0463
8.43262
8.14356
11.0354
8.72819
7.94148
9.46949
9.34118
9.33247
9.97131
10.2921
9.98703
9.98939
11.3471
9.98807
9.07911
10.2474
10.2279
10.5974
10.3218
10.7091
10.0378
11.2934
9.07737
10.5905
11.9672
10.3444
10.5633
10.9665
9.47963
11.4688
10.3421
9.21065
10.4709
9.84813
10.3493
9.86942
10.5894
8.94686
9.90931
9.4585
8.71
10.3239
9.76938
10.8055
9.52725
9.66462
11.6277
10.319
9.2354
12.3463
10.8815
9.43508
9.15483
8.6832
11.1299
9.33281
9.26471
11.0227
10.642
8.44121
10.0726
10.0448
9.89215
11.0764
9.93052
11.081
8.98901
9.70164
9.95574
10.1209
11.2998
8.54892
8.78951
8.41989
11.2396
11.3113
9.17344
9.9129
8.64314
10.0144
11.8072
10.8701
9.93387
10.1914
9.35955
9.74722
10.7591
11.6942
10.0885
10.8782
11.2103
9.71393
9.41557
9.16697
10.125
10.0682
9.68347
9.55732
11.2712
8.83185
10.2342
10.222
9.84775
9.50587
8.48571
9.35683
10.1675
10.8857
8.30646
9.16201
10.9508
9.49705
11.4258
10.4112
11.5269
10.0108
10.3294
9.65369
9.48457
10.8468
8.33986
10.7014
10.8426
10.7004
8.76197
11.0487
9.52986
10.4367
9.91237
10.6632
8.52029
9.94293
7.92506
9.04261
9.7666
11.1286
8.07074
10.3102
9.1369
10.267
10.4322
9.62797
9.99932
9.80132
10.2123
10.0563
10.1763
10.8072
10.5214
10.5869
10.9743
12.0559
9.51553
9.90668
9.70476
9.01622
8.34133
8.81493
9.78891
10.3435
11.6633
11.6189
9.65257
10.4681
10.4785
8.06271
9.3953
10.2299
8.81577
9.94969
9.84656
12.6446
9.96463
10.746
9.99994
9.8119
8.26204
11.0476
10.7315
8.82473
10.7665
9.60883
10.681
8.68806
9.61577
8.93279
9.49325
12.2211
11.8135
9.71646
10.5218
10.699
10.3838
9.56281
12.145
8.50578
9.08586
10.0288
10.4168
10.6203
11.2106
7.00916
8.30862
11.299
9.76665
11.7507
10.0339
10.1586
8.75933
11.7191
8.50849
11.0468
10.554
9.62565
10.8798
10.2731
9.13591
11.1058
10.5115
10.0659
10.4669
10.6566
11.6619
10.3519
9.7261
8.50124
10.5204
9.43173
9.21962
9.43717
10.6352
10.7103
11.2187
10.0342
10.2379
10.5262
9.02595
9.77834
11.7916
10.088
8.10252
9.10556
10.916
9.0718
9.85628
10.1515
11.4289
10.452
9.46551
10.035
9.44788
10.5178
9.71356
11.7794
12.5695
10.1863
9.31305
10.1576
10.587
9.19908
10.468
10.324
9.72067
9.195
9.54142
10.3015
9.80107
8.66651
10.8238
10.4084
9.63249
10.1968
11.6131
10.1455
7.95155
11.617
8.10344
10.0651
9.66983
10.3473
8.95271
10.8197
7.85802
11.3632
7.57478
8.90284
8.8044
9.60271
8.6651
10.1156
11.6035
10.3245
11.3506
10.8232
10.4357
9.74915
10.0403
9.85977
8.93745
9.81596
11.8949
9.1758
8.76987
7.6213
10.2431
10.1814
11.2413
10.479
9.62234
9.87762
9.74385
10.9773
9.04149
12.1444
9.08959
9.33682
10.4055
8.8655
9.86388
8.26019
9.39972
11.5213
9.51316
10.3548
9.23011
9.73506
10.3927
9.52016
11.1428
9.73357
10.133
10.2184
9.83186
8.54873
10.0937
9.47467
8.94211
9.93207
9.24707
10.3921
10.3083
10.3622
10.0088
10.0869
10.2834
10.9763
12.5377
9.82314
12.2745
9.16835
10.4452
9.1918
10.5075
9.61925
11.9526
10.5374
9.5963
11.0133
11.0108
9.86273
10.0796
10.1677
10.5381
9.71678
10.2495
8.91089
11.4037
8.94814
8.79826
8.43666
10.5164
10.5764
9.765
8.44693
9.26315
8.66323
11.2235
9.05009
9.21039
9.07074
9.66491
9.12621
9.50662
9.55588
11.6416
9.19912
10.6825
10.0015
9.57277
9.84212
9.77324
10.5867
12.0073
10.5209
9.6062
10.8496
9.88777
10.4947
10.1735
10.635
9.33104
9.91692
10.831
9.34854
10.9151
11.3525
10.2747
9.23369
9.93443
8.33977
10.4323
9.70899
9.56514
9.65975
10.9071
9.64989
9.2194
10.1331
10.0407
9.89015
8.4954
10.5935
10.3365
9.99058
10.2654
9.67068
12.6302
10.818
10.7804
9.66954
9.12972
9.65415
8.58956
10.0914
9.18155
9.65729
9.92789
9.27066
9.82932
10.9407
10.6917
10.434
8.9514
9.87813
10.8976
12.1459
9.98121
8.84005
10.3857
8.7229
9.27872
9.48436
11.1289
9.64782
8.50466
8.76664
10.1654
10.3216
9.4218
9.40588
11.2781
10.3576
10.0806
9.93649
10.9344
8.3534
8.98229
11.3358
10.2235
10.7444
9.60884
9.27576
7.7098
10.2869
8.89908
11.4438
11.2467
8.17181
8.6264
8.99658
9.9663
8.48884
9.67504
7.81855
10.3725
10.3409
10.6284
10.2547
7.59547
10.8386
10.3346
11.5358
12.8542
8.41768
11.6996
7.89221
9.15152
8.73307
9.00021
9.62107
9.19247
8.73729
10.4353
10.3742
9.57148
9.8735
10.9562
10.2609
7.2336
10.2261
9.23761
10.3955
8.38019
9.10016
9.98192
10.2677
10.2183
10.2376
10.199
11.5024
8.40316
9.80267
9.68355
10.1555
10.8027
10.2956
10.0184
10.093
8.75972
10.5011
11.4416
9.26715
9.78438
10.6596
10.6213
9.64525
10.6084
10.1028
9.79714
9.80462
10.0581
9.05266
11.3562
12.034
11.1445
10.0825
10.608
11.8052
8.39945
8.39635
10.8599
8.67095
10.6998
8.10288
10.6333
8.85663
9.31289
11.0247
9.86747
11.0125
11.6648
10.8137
11.0302
8.58952
9.9523
10.2712
9.71382
11.1683
9.83044
9.5794
8.05653
10.8052
10.4238
10.5105
9.28523
8.97674
10.2866
11.2675
11.2171
11.1809
10.9962
12.1749
9.25831
10.2172
9.28468
9.23439
10.8894
9.0015
11.5447
9.3296
10.5156
9.96832
9.11421
8.99862
9.9415
9.53935
10.0533
10.1585
8.91452
10.3281
8.48417
8.64741
9.58128
10.8787
10.5092
11.4607
9.52348
9.81234
11.1594
10.1249
10.3847
8.24583
9.26238
9.53819
7.91239
10.4318
11.1709
9.85005
9.37368
10.1206
9.30437
11.3216
9.30379
8.93919
8.52611
9.09355
7.87546
10.6544
9.12699
11.0368
9.46429
10.9341
10.9463
9.7253
9.91423
9.9652
10.7365
11.6784
10.0244
10.162
9.18479
11.3386
11.2419
9.84659
8.89032
10.0066
10.8703
9.53798
9.80475
9.71393
8.07835
11.8515
9.60954
10.8365
8.96496
10.1285
9.93762
8.96636
9.40451
10.9768
8.47758
9.71104
9.17919
8.64719
10.6422
8.47721
9.64064
9.25461
11.1589
11.0504
10.0036
9.2219
8.81589
9.21482
11.295
9.14627
10.6379
11.0994
9.74156
9.07919
10.6565
10.7789
11.2066
9.39282
7.67394
9.28293
9.54235
9.93588
10.917
9.18534
9.39245
10.7444
10.3972
8.7113
9.67221
10.2621
10.3152
9.61328
10.3083
8.9838
9.10732
10.3793
10.3624
8.99485
11.0307
9.23437
10.0549
10.0582
8.52926
9.86866
9.28853
7.31621
9.811
8.19866
9.43456
8.18971
10.7929
10.7127
11.1226
9.07819
10.9653
8.43721
7.88447
10.5127
10.1676
8.71567
11.2488
8.98714
10.0032
9.03561
9.46139
9.27921
10.6654
11.6797
8.49925
10.5493
11.5631
10.3744
9.42548
9.20656
10.8665
9.62665
11.4755
8.88831
10.1847
11.6781
10.1914
11.5511
10.6795
9.72616
9.97687
8.60864
8.97869
11.6904
10.7047
8.66999
9.27916
10.4617
10.127
9.35519
10.3625
8.13164
9.79103
10.0736
8.25842
10.0258
11.6284
8.56718
8.62565
10.3835
12.6869
10.5212
8.81727
11.4194
10.2847
12.4179
9.8033
10.3658
10.2066
9.50471
10.7217
9.73716
11.5581
9.01453
8.44343
8.95905
9.4155
11.8311
10.0712
11.2104
9.5213
9.01439
10.1218
11.8198
9.10201
8.17461
7.73726
9.04298
10.8346
11.8194
9.0124
9.6755
8.43852
10.1842
9.48649
9.37381
9.87021
10.5168
10.7646
11.3307
9.83017
10.5868
11.4382
10.0636
9.59751
10.7218
9.57684
11.1437
7.60858
8.94112
11.3059
10.9926
9.8632
11.449
11.0124
9.84895
9.59576
11.2844
11.1089
9.09753
10.2743
10.5907
10.9737
9.09255
11.8626
9.4979
10.9414
11.7533
10.2654
11.5909
11.8628
10.1467
10.3907
9.9813
10.8454
12.3634
9.52203
9.22698
10.5676
10.1927
8.23959
9.65051
10.7636
9.54433
11.8378
10.1921
12.5713
10.0495
9.85518
9.62925
9.52412
8.99803
9.90801
11.0782
8.32612
9.85412
9.93607
9.89655
9.99325
11.0421
8.18594
8.37498
9.40148
8.63096
9.60509
10.2766
8.17402
10.1212
10.3826
9.86527
9.94037
9.66194
9.01617
9.32488
8.76044
10.4219
11.3825
8.85138
10.8029
10.231
9.67121
9.36595
9.88945
9.17812
9.49947
10.3676
10.5426
10.8981
9.37776
9.49494
10.2026
8.51923
8.44414
10.8256
9.36551
9.27429
11.3613
9.47241
9.40825
9.26544
7.06432
9.59849
11.1018
10.0701
7.7738
9.97202
9.71238
10.447
11.2975
10.351
10.0369
9.10682
8.35026
8.43253
9.68646
12.4196
9.79669
9.93307
9.78075
10.8657
9.4333
9.91339
8.91669
9.75664
10.2594
9.0488
9.78733
10.0704
7.7533
10.5382
9.3596
9.99318
10.5043
8.81321
10.2818
11.2807
9.78003
9.2558
11.399
10.933
9.48061
8.97789
8.90448
9.6565
9.56425
10.4343
10.9412
11.4065
10.888
9.96513
9.59899
9.4041
9.55445
10.0026
10.078
11.2458
8.90516
11.5984
10.9621
11.0831
9.80273
9.63383
10.853
8.98709
9.73167
11.0972
11.351
10.6694
11.3342
9.23997
9.22354
9.84518
9.52682
10.4366
10.1367
9.6626
9.35121
10.1966
11.115
10.9209
11.8217
11.1222
10.1685
9.5046
9.97325
11.8827
9.633
12.0216
10.5783
9.36199
8.30231
9.52357
11.8062
11.0696
10.3301
10.7148
9.28594
8.5434
10.3489
8.58071
9.74961
9.11393
10.6381
9.18827
8.12663
8.72922
9.70515
11.3522
10.5698
9.90605
9.95347
10.7884
9.93023
10.4742
8.58163
11.8742
9.71548
10.9752
10.5834
11.2238
10.0151
10.2486
8.82695
9.13824
9.95713
8.88662
10.1748
11.0374
12.4681
10.2934
10.1928
9.54543
9.81138
9.46079
9.87851
10.5506
8.24954
9.25799
9.23462
8.86007
11.0785
11.7749
9.87533
10.0692
10.4369
10.112
8.7027
8.97267
9.25876
8.74243
10.3511
9.28811
11.8056
10.7868
10.866
9.87521
9.29569
7.88767
9.01279
9.92892
8.38101
10.9447
9.2078
9.84993
10.2461
10.6267
9.01152
9.42027
9.20585
9.74654
8.72692
7.85405
9.77246
10.9199
10.3531
10.6571
9.55645
11.7213
9.78054
9.07266
11.4291
8.37023
9.35731
12.1155
9.89034
9.65062
10.6396
8.89403
10.4765
7.92655
9.53671
11.52
9.81271
9.40497
8.30089
9.90881
9.30759
9.36828
9.97995
10.8621
10.1066
10.7178
10.0019
10.6821
10.2109
12.5338
9.10523
8.15672
9.57625
10.1221
8.98958
9.05431
9.23782
10.8155
9.93777
9.79828
10.0452
8.61661
10.9558
8.92267
10.1356
9.0258
10.3647
11.1849
9.49445
11.1065
9.22812
9.73104
9.63383
9.69487
9.4618
10.9507
9.24955
10.6502
11.5756
10.0399
10.4818
10.23
8.99909
12.8566
10.9387
10.6761
10.3785
9.78408
9.97221
10.5701
8.98991
9.99724
11.2452
11.6989
9.02611
8.36506
10.4948
8.88887
10.4224
10.3489
9.97874
10.2897
11.7157
10.544
10.881
10.1202
10.3743
9.44969
9.50673
9.63911
11.2434
8.60575
11.0831
9.58697
10.5477
8.434
9.49083
9.99781
10.3697
10.278
10.4031
9.98979
10.9385
10.7268
10.6841
8.67369
9.68505
12.2671
8.8269
9.64739
8.78231
11.4307
10.7624
10.4528
10.7944
11.6241
9.84938
9.03566
10.7274
11.1349
10.9536
9.11819
11.0457
10.0448
10.8391
7.41753
10.2083
10.0527
11.7436
10.3976
7.93505
9.69508
9.55448
10.7329
7.67913
9.05357
9.83502
10.3224
9.16999
10.5411
7.86253
9.5121
9.76222
10.2383
9.94601
10.673
10.4966
10.0208
9.97052
9.0134
10.9506
9.59746
10.3602
8.74675
10.2033
10.1753
11.5082
8.9402
11.0644
9.40181
8.07722
8.11953
9.50587
10.0008
8.62908
10.1848
11.9663
10.767
11.3821
8.41527
9.97308
10.7393
9.82449
10.6471
8.60662
8.38601
10.7347
9.08011
10.5541
11.2032
10.1394
9.3692
9.5131
8.78614
11.2549
9.66046
10.4742
9.40585
9.67052
9.83191
12.2573
9.93326
10.2028
8.92593
9.16527
10.6265
8.62546
8.80282
10.4
10.8938
10.8607
9.70986
10.0767
11.555
11.0525
10.4326
9.91402
8.40498
9.22326
9.28588
11.1142
9.48454
7.80272
9.75042
9.90332
8.83494
8.07844
8.68511
10.4544
11.6017
9.99099
9.63777
8.96152
11.0284
10.2403
9.78846
11.3407
9.35013
10.0728
11.8591
9.49335
7.80472
8.79878
10.8305
10.8829
10.5433
9.56662
10.8618
8.60584
8.61742
9.7229
11.7498
9.34901
9.46239
11.0422
8.20472
11.2542
9.5536
9.34055
11.1673
10.7856
9.84347
10.4221
10.2772
9.09968
9.68148
10.4225
9.08639
9.70034
11.1999
9.62554
8.63637
10.1622
8.43272
9.15557
9.77574
8.98965
9.93721
9.54279
10.0093
10.9822
9.77804
9.83504
9.65523
10.0519
9.67414
9.60536
9.93613
10.1193
9.87907
9.59145
8.87207
9.13598
10.7822
9.64442
12.5714
10.5174
8.44561
10.1837
9.12349
9.93835
11.8154
11.3598
11.1901
9.65573
11.6429
8.06181
9.77837
9.81928
10.6579
10.3494
8.79074
10.4405
8.94678
9.77981
9.63019
9.00706
9.37694
10.2409
10.7755
11.2627
8.98099
11.1125
9.95904
8.83949
10.2078
9.27923
8.00953
9.09989
10.3599
9.949
8.94539
10.5123
9.53975
8.80305
9.79185
10.6368
8.57297
9.78506
10.3706
8.57215
10.4755
10.3533
10.0028
11.2235
9.07199
11.37
8.77493
9.91296
10.4342
7.97962
10.9508
10.6156
11.3528
10.8038
11.1903
11.0602
9.27896
12.1036
9.26147
10.2977
9.91338
7.49153
10.0644
11.8436
10.5684
9.03111
10.386
11.0823
10.5873
10.0875
10.6104
10.5681
8.95012
11.0127
9.773
8.72405
10.4603
9.31513
10.4317
11.5224
8.82853
8.75046
10.1554
10.4861
11.3863
10.7082
8.9251
9.72382
9.52573
9.22136
9.08411
11.1876
10.494
10.5815
9.68457
8.15589
9.54535
9.96488
7.34913
11.061
8.36991
10.9601
10.3246
9.82064
9.99732
8.77864
9.99029
10.7133
8.68125
9.53779
11.1471
8.8276
10.6869
9.47338
9.60179
11.5626
9.20984
10.8146
12.5529
11.7405
11.0743
8.85652
9.08435
9.49214
8.27133
11.3324
10.4877
12.2283
9.07684
12.9268
10.9255
10.068
9.82946
11.3753
11.8484
9.36313
9.41915
9.76936
9.54815
10.3288
11.8126
10.6414
8.88233
10.4572
11.3449
11.7555
10.8492
10.1433
10.3095
10.3603
9.77331
9.57077
10.5877
8.99741
8.98645
9.46751
11.7908
10.0914
8.0315
10.2796
8.30924
12.1446
7.57162
11.1728
9.01785
10.1417
7.96675
10.0584
10.5129
10.5807
9.35615
10.5184
10.3574
9.14402
9.26968
8.59397
10.2078
10.1107
9.59164
8.90757
10.0457
10.886
10.9228
9.96615
10.4224
10.0101
8.837
11.2488
9.76033
8.75096
11.4439
9.21179
10.0759
10.6514
11.2114
10.57
9.35606
8.34361
9.24466
10.326
10.9598
9.89068
9.5118
11.2142
9.13423
9.84763
9.30139
9.01593
10.5533
10.2084
10.158
9.8144
11.1861
10.6407
11.0766
9.66817
11.8079
8.75394
10.357
9.54147
9.34378
12.9842
10.732
9.25668
8.79291
8.91475
9.33021
8.50157
10.5233
10.1841
11.8008
9.99332
10.3415
9.91424
9.27541
10.864
8.29755
9.78999
9.38384
9.21908
9.44729
11.0532
10.1099
9.90433
11.2276
9.99959
10.4415
8.55413
10.5462
10.2833
9.13074
11.2076
10.5721
9.7229
11.3836
10.2143
10.2764
9.4482
9.38445
9.60887
9.76499
9.38482
9.34474
8.5304
9.39282
10.0196
8.35502
11.9464
8.61337
9.51403
11.3191
9.3022
10.9086
9.83132
9.63579
10.397
9.37159
10.3259
9.41874
11.4059
8.30066
8.97506
9.45639
11.1897
10.4733
10.4451
8.66596
9.79334
9.14895
11.3437
9.70488
9.84815
8.55573
11.0424
8.1564
10.583
11.3328
8.97457
10.9938
9.38776
11.1732
10.1706
10.2916
8.16064
10.052
9.64712
8.63743
9.53515
11.4496
9.7356
9.41163
9.14322
7.73711
9.41689
10.6839
12.2756
9.94252
9.04599
9.65622
11.0319
11.7767
10.5944
9.3459
10.5452
9.31587
10.3469
9.99027
10.2378
10.2773
10.7854
9.77772
9.29551
10.9125
10.319
8.23291
11.1528
9.19732
8.3436
11.803
10.7049
9.675
9.20718
9.7914
11.4169
9.45331
9.2954
10.4306
10.8405
10.6114
9.97413
10.2303
11.0025
12.1481
9.75189
11.2314
8.58954
9.60264
9.24684
10.3589
8.12606
10.4206
10.9767
10.0493
8.26845
9.93601
9.23658
9.11836
8.93993
9.6557
9.65132
7.75167
8.92965
8.24324
10.4253
10.7819
8.65566
8.9065
9.92878
9.82227
9.88333
10.2878
10.0888
10.1337
10.8601
10.9516
9.23438
9.97168
8.83871
9.98027
8.79721
10.5937
9.8867
8.61925
9.15425
9.48926
11.0436
10.2248
9.23814
10.925
11.3091
9.61934
9.63142
9.44807
10.5708
9.02954
10.9145
10.342
9.58498
11.3863
9.66929
11.2869
10.4953
9.97855
11.3081
10.7391
10.5503
10.1369
10.5934
10.0872
9.47761
8.2862
10.4289
10.6296
6.9378
9.61753
9.20365
9.64209
8.12812
9.81996
10.3093
9.97282
7.68824
11.0482
9.91136
11.979
11.1045
10.0888
8.97258
9.98519
9.68915
11.1037
10.4844
11.542
11.0428
10.1305
11.3198
10.6905
9.6619
9.90069
10.3059
11.0437
8.41531
10.3018
9.35923
9.97725
9.55734
10.6997
11.9529
9.25163
10.71
9.9764
11.9386
8.84583
9.07752
9.48523
8.18345
10.7685
9.73223
10.109
7.88584
10.9533
9.47837
9.21931
10.4908
9.01981
9.85213
8.83782
8.32942
10.2937
10.2641
9.3639
9.70485
12.1655
11.452
10.1775
11.0612
8.98534
10.9139
10.268
10.035
8.83094
10.4147
10.4129
9.62769
10.3468
9.06122
8.0179
10.7823
9.12118
8.37698
10.0351
8.66845
9.04146
9.94026
10.6051
12.6028
9.66222
10.231
8.15781
10.3057
10.0418
10.2623
11.1009
10.509
8.47409
10.7068
9.56975
10.637
10.3084
9.23869
10.5874
11.0052
10.5214
9.56245
8.84928
9.68662
10.0036
9.50822
7.51363
11.2987
11.7019
8.3308
9.20366
11.0857
10.7562
9.27078
8.13443
9.7853
9.27452
8.61401
9.72158
8.3546
7.51703
11.2964
9.28416
9.07449
10.0388
9.87501
9.79274
10.5709
9.01344
10.4099
10.9779
7.88802
8.46281
8.87244
9.69477
10.3302
11.6385
9.23787
10.4101
8.97999
9.58998
10.3379
8.43745
10.9213
11.9985
10.7354
12.4928
10.1381
8.60054
9.85856
9.47089
8.16725
10.0994
10.6704
9.00361
8.80114
8.52753
11.6185
9.68052
8.90559
9.40716
8.76023
10.2213
11.2652
8.94614
9.93997
9.70579
8.36334
11.5884
9.58356
8.46063
8.89187
10.1323
9.92236
8.95198
11.8442
9.33902
9.73688
10.9211
11.4538
10.3509
9.93197
10.2237
11.1068
11.1404
10.3844
10.2235
9.80706
7.39338
8.52342
9.6407
11.6275
11.1311
10.6585
7.51509
8.84159
9.07389
9.37731
9.8055
11.545
9.18918
9.33394
9.20508
8.83574
9.16386
9.81111
10.2818
10.0685
8.93699
11.8605
8.7123
9.95661
9.49819
9.45059
9.60743
9.55223
10.9218
9.9562
10.3973
12.0988
10.1482
9.96481
11.2437
10.1782
10.4261
8.09347
10.3418
9.72017
10.1596
10.0676
10.8673
9.86199
10.8333
10.3473
10.0251
10.9176
8.86305
10.5884
11.3411
10.8108
11.8903
10.1597
10.4733
9.23299
11.8279
10.6118
10.0827
10.4264
10.4403
9.7942
8.42562
10.6352
9.40784
9.92474
10.3179
9.69999
7.69156
9.9862
9.96343
9.71356
10.0197
10.6401
11.3204
9.65312
11.1222
10.0628
10.3919
8.26595
9.22831
9.31634
10.1024
9.33697
10.4566
12.8176
8.44636
9.85519
10.9734
10.1588
10.2086
10.9151
8.91381
8.24837
10.1021
11.0391
10.3023
9.88127
9.66198
10.2414
7.33334
8.80738
11.4039
11.5091
9.56986
10.6382
12.3015
12.4884
9.48325
10.0661
9.69477
10.3312
9.63913
8.8854
11.0079
10.2219
9.76011
10.0737
10.4075
10.3291
9.96531
10.6802
10.9023
8.79383
8.84757
9.79872
9.87009
12.4317
9.67007
11.5682
10.6685
8.95038
9.56875
8.79011
7.30458
8.86345
11.6988
10.1873
11.4596
8.19736
10.7145
9.07985
10.4738
10.8902
9.70216
9.38182
10.9493
8.74026
9.40676
11.2924
7.76379
9.38675
10.7601
9.98215
9.56309
8.7412
12.6494
10.2629
10.0764
10.8424
9.96118
10.2312
9.65363
8.84848
7.84216
9.07425
8.55885
8.74912
10.6897
9.15041
11.5131
11.9134
8.64503
8.97863
7.84946
7.09952
10.6282
10.076
7.50891
8.37528
8.97221
10.3952
9.38814
9.15644
9.18186
10.0664
9.68926
10.908
10.1865
10.6038
10.6581
9.03109
9.15748
10.8977
10.8768
9.69487
9.39092
9.5339
10.0575
10.8851
9.39115
9.6847
9.36199
10.2818
9.52284
11.6655
10.0678
10.6156
8.83177
9.2188
11.3194
10.0193
9.86015
9.78343
9.45516
7.07462
9.82376
9.37502
9.88441
9.4879
9.28492
10.4252
11.0005
8.71595
8.50325
9.96271
9.74689
10.2937
10.5781
10.7526
10.0809
10.3911
11.1626
7.91934
10.7887
10.3791
9.65633
11.7523
10.1095
8.90411
10.2898
9.81821
8.36348
9.56912
8.88637
12.0914
10.0597
9.82457
9.75534
8.96187
8.70024
9.39044
8.81713
10.5058
10.9192
10.4039
9.8413
11.0069
9.66117
11.2628
9.91682
8.82261
11.6983
11.8958
8.51186
8.1621
10.0153
10.7617
9.70656
8.7398
9.32877
9.86486
9.38847
11.3496
12.5168
10.6292
9.28225
9.424
9.8893
8.80536
9.12741
9.48788
10.2187
10.5122
8.74904
8.85793
9.70343
10.7568
9.29699
10.6725
9.02655
10.6731
9.10232
9.61002
10.4916
9.48242
9.0396
9.18378
9.10755
7.81328
11.0211
9.58907
8.955
10.4837
10.8862
9.24686
9.5068
9.51174
9.12829
8.57288
9.08786
8.87331
10.9667
8.6598
10.34
10.7398
10.5363
9.77043
11.2906
10.6847
8.31066
10.5939
11.3193
10.7103
11.0451
9.31795
10.538
8.65115
8.07079
10.5941
8.80865
9.8632
12.3877
8.90277
10.3822
9.21566
9.94426
9.53018
9.17994
9.88746
10.7723
9.16227
10.5913
9.8168
10.7276
10.3651
8.66243
7.58945
8.81201
9.29017
10.9101
7.91761
9.72764
9.60481
9.51307
9.52783
10.1662
9.80399
10.4616
11.3677
11.0923
9.84978
9.67669
8.55624
9.93312
10.6194
11.7042
11.1213
10.8979
11.235
10.8145
9.57638
9.99935
12.0871
10.2197
10.1577
10.4177
11.1511
11.1071
9.13584
8.31843
10.6032
7.51879
9.29443
9.399
10.5158
8.71009
10.4748
8.98564
10.0915
10.6986
11.5284
9.27839
9.1326
10.6514
11.0056
10.2255
10.1458
10.0953
10.556
9.84485
9.83239
10.7526
11.9706
10.0303
9.78123
10.5063
11.1758
11.7777
9.70716
8.35222
7.81174
9.34429
10.7403
9.31364
8.10059
10.858
9.64124
10.8875
9.62817
8.73222
9.68047
9.78142
9.96355
9.40555
9.38915
10.7347
9.25913
8.14724
8.81938
10.2403
8.58801
8.71974
10.4571
9.35033
8.01248
10.0384
8.5108
11.2371
9.27656
9.62489
10.7566
10.1735
9.93691
10.9641
11.4876
12.1641
11.2244
9.51971
10.0664
9.41475
8.74453
10.296
12.1309
9.49642
8.81786
10.8966
9.10224
10.5296
10.5122
8.90433
11.7709
10.2819
11.1384
9.23244
9.06444
9.25509
8.16419
9.74308
10.7238
11.2285
9.61462
9.55437
9.75421
10.255
9.69299
10.5888
9.887
9.3098
11.9951
10.7367
8.4947
11.2338
10.6448
12.1918
8.82014
9.84115
10.1804
9.73541
10.2991
9.77795
9.89776
10.6999
10.1636
7.87946
11.2632
8.92166
9.71845
10.4774
8.27175
10.2967
8.64232
10.7348
9.36629
9.41648
11.4086
10.2653
10.4408
7.59079
10.5096
10.1421
9.23149
10.2129
10.0251
9.60784
11.3306
11.4045
9.11586
10.694
10.4854
10.6848
11.6506
11.6708
10.2551
8.78444
9.77664
9.7667
9.5645
10.4982
10.6554
8.69661
9.74495
7.6836
9.84087
11.4432
9.9592
10.2211
11.8197
9.3318
9.55702
9.27599
9.95109
10.3334
10.0969
10.7417
8.60129
11.2463
11.3246
10.8084
11.965
10.1699
9.71369
10.6048
9.29715
10.0155
10.6948
10.8898
8.32349
9.08314
9.76137
10.5656
10.1981
9.84528
9.59515
9.09977
11.7015
10.9972
9.7435
10.2888
10.2511
10.0575
11.0898
9.05614
9.40317
10.8698
11.5779
10.4515
9.34607
8.59535
10.1312
8.85488
8.46426
10.0779
10.4241
9.9638
9.83983
9.64413
9.81042
11.5577
8.2431
9.29008
10.2791
9.98264
9.87924
10.8574
12.3986
10.0551
11.2386
9.38746
9.4271
10.8224
10.3743
10.6065
10.5917
9.04493
11.3277
8.93312
9.75928
8.97996
12.1882
11.2791
9.38192
11.9442
10.2244
11.2585
11.2289
10.384
8.87302
10.6772
8.89341
11.3084
9.97843
10.2667
8.00463
10.299
9.70236
11.0093
10.955
9.49513
9.96385
11.3565
10.0563
9.80971
9.98144
10.387
11.9927
9.02795
9.76711
10.4984
8.80403
9.70516
10.7346
9.5653
9.15208
9.11585
10.0103
8.88982
10.2538
8.99589
10.0078
10.0881
11.0475
8.06785
11.1114
9.97455
8.852
10.0085
10.4651
11.5003
11.3614
6.99777
11.2184
8.7538
9.86023
10.8012
8.65654
9.72879
9.98769
9.97963
10.4195
11.1811
10.0348
10.4725
8.1456
10.7668
10.4622
9.19623
9.91198
9.13409
11.6498
10.9525
8.14713
10.1273
9.00809
9.5008
9.36232
9.2574
10.0012
8.46164
8.52529
9.302
10.2074
9.04983
8.81428
7.98188
10.1456
8.25898
8.92805
10.9476
10.1893
8.99788
11.0036
8.39736
7.42589
8.56614
9.87155
9.39899
11.1054
8.79789
12.1076
11.8909
9.10933
11.4052
9.01663
11.5549
9.21495
10.8507
11.0226
11.4678
10.5024
12.2782
9.77504
8.55051
9.93844
10.1002
9.13449
9.08172
9.18764
10.8658
9.41552
8.35034
10.2244
9.79072
12.2326
11.2897
11.5886
8.43563
10.4611
9.30848
9.2039
10.3224
10.5173
9.77761
9.10238
9.20369
10.97
11.4286
8.87774
9.91047
9.50875
8.31618
9.89446
8.26754
10.2348
9.32395
10.2038
11.1426
11.3336
9.13608
11.3995
11.2917
10.4823
9.20927
9.85096
9.91808
9.92317
10.6319
7.71166
11.2895
10.5223
8.96043
10.1276
9.57359
10.3138
9.12323
9.80874
8.66185
10.4641
9.89841
11.5944
8.89361
9.98341
10.256
10.6803
9.90383
10.5751
9.78579
10.028
9.90399
10.6308
10.3832
10.2239
8.7176
10.4138
7.84702
9.56634
9.54248
9.55324
9.30798
8.8782
10.4767
8.43395
9.17808
10.2775
10.7645
10.1234
8.71963
12.0024
10.6498
10.28
9.79514
10.9686
10.5344
10.274
10.8322
10.2297
11.3909
11.923
11.4477
10.3918
10.971
10.1731
11.3087
9.53598
10.1829
10.5143
10.0162
11.0075
9.21524
10.0181
11.2788
9.86875
11.0587
10.3642
11.2197
7.92946
9.50831
10.8597
7.61291
9.15768
10.0164
10.8521
9.99511
8.76618
11.4693
10.4665
10.4044
11.3561
10.8244
9.3254
11.1893
9.26472
9.759
9.53418
10.9186
10.2773
9.63392
9.98502
10.1804
10.4868
9.96875
9.61627
11.3839
9.99556
9.67281
10.7451
11.4194
9.75883
9.26624
9.02516
9.72031
9.2497
8.25707
11.2581
8.60019
10.4883
11.5925
8.97902
11.1456
10.5147
10.5465
9.74455
9.48143
9.86144
8.56421
10.2799
9.85352
8.25273
8.66255
9.57098
8.55325
8.97722
10.5615
9.36322
9.95514
10.3798
10.3682
10.6358
10.4852
10.3175
9.76418
10.4083
10.006
8.3309
10.0064
9.43351
9.30111
10.9296
11.359
7.98871
9.83261
10.96
10.4729
7.26088
8.6863
10.273
8.38292
9.15039
10.644
9.6269
10.2168
10.5149
10.7643
11.3265
9.34801
10.846
11.3569
8.25757
8.82281
9.67981
10.1795
10.8609
11.2657
10.6939
9.45386
11.3288
10.1467
9.95048
10.5347
11.0923
10.4675
7.86747
9.98995
9.96031
9.19808
10.4418
11.3284
10.4071
8.63146
11.0452
10.9343
7.77687
10.5463
9.88309
12.1283
10.806
11.3364
8.90638
10.4227
9.16766
10.855
8.34893
9.11155
8.92227
11.2182
11.1065
7.23326
8.84018
10.4856
10.6767
10.65
10.0267
10.1014
9.2937
9.04382
11.798
8.95101
8.60101
9.02567
9.71662
8.78296
10.6854
11.0734
10.9182
11.3521
8.08311
10.5709
10.2842
9.94944
10.478
9.12853
9.54931
10.1712
10.1235
10.4626
10.3738
11.0715
6.69447
10.9448
9.1964
11.5415
10.9685
8.83621
10.602
11.5599
9.99962
9.53059
7.8753
10.6172
10.6193
10.1452
10.5159
11.4586
9.98885
9.76433
9.14636
10.115
9.91142
9.41358
9.41371
10.8387
10.6313
9.74854
10.316
8.60904
10.6787
8.03791
9.54178
9.4427
11.9909
9.18398
9.63285
9.68063
9.47009
9.98697
10.9362
9.24725
10.048
8.42478
10.1373
9.75529
10.1578
11.0238
10.2242
10.0008
9.10373
10.7035
12.3076
10.8812
7.72983
9.12288
11.2743
10.7638
9.8317
8.61594
9.90821
9.76886
10.5662
11.3204
10.877
9.16305
8.86413
10.0503
9.27552
9.76612
10.1223
8.79603
10.2136
8.49949
10.7041
10.2918
8.81976
10.5569
9.47334
9.14428
10.3976
9.95794
10.7596
11.1022
9.13106
8.5962
9.462
11.3506
10.4597
9.9672
10.2217
9.50446
11.7841
9.94155
10.7562
8.50447
9.47471
9.811
11.2722
11.5575
12.0972
10.3692
11.6745
9.09101
11.2541
8.41786
9.87763
10.8866
9.67207
8.74949
9.95514
9.35654
9.21546
9.40582
10.5381
11.2821
9.70456
10.4851
9.51703
10.4996
9.98302
8.59675
10.7264
10.1369
10.5537
10.2245
10.2725
9.7932
8.61521
10.583
11.1188
8.82524
9.28524
10.2691
9.9614
10.9019
9.61704
9.85646
10.5217
11.1509
9.33194
9.10898
9.38148
8.8837
9.72207
7.99101
9.689
10.1831
10.7215
10.2632
11.7885
10.8296
10.0688
10.463
9.25075
8.89929
9.58417
10.0928
9.66283
9.9632
9.57004
7.59057
11.0687
12.5426
10.645
10.5593
9.77594
9.13017
9.48941
7.59
11.368
9.51281
10.0815
9.22073
10.1824
9.44812
10.8226
10.4107
10.7498
9.88514
9.42579
9.5815
9.57086
10.1973
10.8463
9.62002
10.4622
10.3003
10.1176
8.94761
10.995
10.8366
10.4533
8.73993
9.4308
10.7621
9.22032
8.2892
7.87682
8.05688
11.936
10.6269
5.53676
9.77363
11.1118
8.81553
9.38271
10.0098
10.7739
8.82739
9.45067
8.33727
9.80652
11.4244
9.58788
9.57779
9.57618
8.70603
8.5248
11.0913
11.4954
9.71456
11.265
10.28
11.3185
9.72684
9.95323
10.3821
11.3805
10.3316
8.92261
10.043
8.55215
9.16696
11.993
8.44264
10.7825
9.39242
10.1153
10.6522
7.76325
10.8053
10.9334
9.85572
7.65017
10.4284
9.41345
9.21589
10.0382
9.85682
9.01714
8.49951
10.6295
9.17463
9.29749
11.3226
10.0606
8.92562
10.5193
10.0631
10.3924
9.81346
9.13111
9.86681
9.65422
11.7754
8.76182
10.4227
10.8914
9.63234
10.9189
9.6893
11.2287
11.9231
10.7906
11.445
9.59317
10.1824
9.77948
7.2466
9.50482
10.4338
9.68841
9.75104
9.77916
9.11612
10.6087
9.8773
10.0948
8.2439
9.18824
8.79922
9.93076
8.90817
10.2572
10.4797
10.2544
11.1703
10.9393
9.3695
9.0905
10.7371
10.593
11.0429
10.772
11.359
9.43292
10.5546
10.1903
10.1164
10.4499
10.0424
10.7495
9.98258
8.51852
10.9799
8.79851
12.9033
9.08974
10.8987
10.1019
10.8817
9.85795
10.1253
10.1693
11.5894
11.2427
10.1241
9.51559
9.14889
12.2811
9.77924
9.1623
8.77905
9.99096
9.0451
9.60032
10.5288
8.53273
9.48098
10.1379
10.3743
9.22345
11.7582
9.76074
9.08341
10.7798
11.8232
10.1254
10.1539
11.9111
9.22558
9.69481
10.2932
9.77861
11.1858
9.23517
9.53191
10.3801
9.40956
9.83745
10.1759
9.38307
8.94697
8.37672
9.56214
10.1012
9.10129
9.87574
9.68826
9.55977
8.85336
9.23235
10.176
10.239
9.54811
8.92196
8.88551
10.5189
10.7747
10.45
11.3965
9.55587
10.6464
10.7682
9.71456
9.54449
10.1647
9.31645
9.76157
10.7485
11.1825
10.991
9.83262
10.4011
11.5784
9.15317
10.3299
9.41186
10.1653
12.0496
8.53254
11.782
9.80535
10.8668
10.2694
10.9274
10.0481
8.47795
9.89009
9.34627
9.30677
9.05733
9.90408
9.09666
9.07746
10.641
9.4344
10.6904
9.01428
8.96027
10.7694
9.49656
11.1943
9.69871
9.18001
10.8596
10.8502
10.3554
10.8446
11.1608
9.35418
8.97049
7.97275
9.68912
8.74908
9.37454
10.1619
10.2531
9.44901
9.78407
9.57107
8.91857
10.2256
8.93384
9.29008
8.84856
8.75565
11.3995
11.7321
9.13232
9.6146
9.65515
10.9443
10.027
9.49207
9.63987
7.83769
10.4676
8.18294
9.90637
10.0771
10.5014
6.84157
11.0979
8.76901
10.0676
11.5759
10.9454
8.83448
10.2932
8.06541
9.16199
9.17604
10.4324
10.634
10.7913
10.5051
9.63809
9.05783
10.5374
8.65508
7.29184
10.4272
10.6057
8.49514
9.1425
10.1209
9.82395
10.5225
9.45224
9.74764
10.7972
12.2912
9.61923
9.55888
9.61132
9.46251
10.5018
9.5672
9.19199
9.41743
12.3157
9.32296
8.82782
11.7837
8.96122
9.52139
9.1001
6.85117
10.0845
8.18493
8.87552
11.7522
9.11779
11.267
9.48827
10.2065
9.05982
9.46341
10.9511
9.06291
9.70763
9.31854
10.8263
10.5729
9.9028
9.48784
9.29521
11.0112
9.55735
11.5469
9.27787
10.9698
9.37405
10.8427
8.72265
10.1176
8.89005
11.0301
10.2333
12.0777
9.9436
8.35231
9.97505
8.4575
9.32139
10.4098
9.97389
10.0344
11.1011
10.291
7.10024
10.0925
10.4945
8.47599
9.81129
9.15986
9.15876
7.98732
8.82825
10.4396
10.9601
10.5333
10.9149
8.08532
8.40582
8.67988
9.13142
9.17646
11.2043
9.38734
10.9484
10.4282
9.49176
9.9428
11.5213
9.79659
9.0382
8.97298
11.9454
9.39082
10.1275
8.72908
8.20495
10.6302
9.62251
10.9012
9.3889
9.91405
10.8123
9.78577
8.88948
10.0282
9.0288
11.593
7.46913
12.5398
12.3989
11.2847
10.1241
9.54202
10.422
12.6641
11.2941
10.7791
11.7644
7.30019
9.967
11.7553
10.4249
10.8763
10.5695
8.35622
11.3904
11.8268
10.9433
9.51753
9.55636
10.9539
11.0764
11.7442
9.91957
9.79491
9.40748
7.21699
10.7238
9.85148
10.4522
11.0314
8.3513
9.96794
9.64552
9.45977
10.7108
10.4421
9.91125
10.4184
10.0787
8.86566
9.97884
10.4403
11.685
9.54768
8.77443
8.6269
7.79126
9.58527
9.98459
10.2092
9.96117
9.9549
9.73606
12.1155
10.1424
8.19509
8.72492
11.1635
11.1888
11.1263
10.5697
12.1902
10.6031
9.87021
10.4241
9.33659
9.76412
9.47883
10.9169
8.83768
8.55333
9.67833
9.98346
11.1879
8.32252
8.66072
10.3355
9.90243
9.59451
9.12573
8.35531
9.38195
9.39464
10.8747
9.31241
9.38687
9.91064
10.3538
8.4107
10.2115
9.79726
10.0423
10.8275
8.10898
10.9762
8.81492
10.18
8.80115
11.4512
10.0807
11.285
10.2438
9.57146
9.48912
8.54683
8.25986
10.2633
10.7912
11.0368
8.88342
7.85906
9.42253
10.9489
9.34667
7.3473
9.75451
8.68735
9.47163
10.0498
10.1175
9.86324
10.1714
9.20952
8.1077
8.28965
8.70665
8.58558
9.00005
11.4709
8.83194
9.72703
10.5031
8.7319
9.98411
10.8073
8.88585
8.24918
9.43793
11.9335
10.0149
10.5032
9.8944
10.2414
9.71583
11.9252
8.66735
10.229
9.82246
10.5472
8.02499
9.39439
10.0174
10.0625
11.0531
10.2379
8.53085
9.99376
10.0159
8.89059
8.92326
9.80198
10.1597
10.8463
10.2061
9.78921
9.58624
10.4809
10.5153
11.0381
10.2402
10.7908
10.7085
10.0946
9.58716
11.8642
10.8273
9.95808
7.99828
10.6736
9.46142
9.94727
9.84831
9.64686
10.2987
11.7548
9.71691
10.5924
11.4556
11.642
9.97567
10.3106
10.3064
11.4065
10.2832
10.1262
9.50714
9.99893
9.45645
8.66022
9.19291
10.7766
9.83273
8.71838
10.0315
8.61423
10.0369
10.2902
10.4122
11.0849
11.1598
8.74103
10.9599
10.5929
9.39712
9.72139
8.5737
9.70521
10.315
10.23
10.3988
10.3032
10.3336
8.96127
9.93936
8.4592
7.51786
8.45616
11.9921
9.25736
10.7332
10.6908
10.1141
9.55859
10.5885
11.3646
10.0322
9.82627
10.4667
9.11249
9.2666
8.97952
10.233
11.0454
9.75721
10.3183
9.85396
9.65721
11.0474
9.20034
8.43196
9.86514
9.67122
9.43153
8.48905
9.99906
9.53631
9.72632
9.87829
8.98438
8.9486
10.348
9.56953
9.68681
9.2087
9.04043
11.6015
10.2341
9.5395
10.6546
8.64492
10.8038
9.76569
9.47523
9.65189
11.2623
9.99336
10.6893
8.8509
9.29673
9.40147
8.7756
9.89592
10.482
9.85236
9.79928
9.9985
10.0711
9.48738
11.1418
10.6295
9.02259
9.46196
7.21824
12.4951
9.98959
10.0264
10.3171
10.3491
9.88497
10.3944
10.1103
9.39503
9.14663
9.85814
11.5536
9.16513
10.9985
10.806
9.15112
10.0898
9.68946
10.9859
9.55039
10.6176
11.8093
12.1312
9.25607
10.1896
9.53265
11.6815
8.88564
10.6806
10.7557
10.1212
10.9115
11.6796
10.3136
9.59619
8.72783
9.05248
10.645
9.88199
9.23101
11.5185
9.64512
10.3665
11.2148
8.31912
8.40207
9.80976
9.44786
10.9456
9.67403
10.5507
10.4901
6.86802
10.1722
10.7775
10.6163
10.3052
9.9939
10.8501
11.7997
9.37711
11.3343
9.86826
11.4983
8.64741
10.0774
8.57
9.85488
10.8459
10.7143
8.51917
11.4426
10.2752
9.35798
8.57643
11.8155
9.95936
7.88116
8.02609
9.95356
10.0318
8.92434
10.3842
9.25196
10.31
9.73006
12.0879
12.2538
8.78859
7.82678
8.03715
9.49593
8.45879
9.80535
9.52448
9.61807
10.0639
10.0552
9.43082
9.35564
12.0569
8.73268
10.2171
10.0445
7.66166
9.79852
10.3364
9.41916
9.27584
11.2852
9.10259
10.8041
9.95693
10.137
9.9364
8.22013
9.60778
9.38988
8.92225
10.9705
10.2894
10.4882
10.136
9.97631
10.8323
9.81865
11.0838
10.5851
10.5152
10.642
10.302
11.8289
8.14452
9.75206
9.89843
10.1897
11.3983
10.8465
8.28839
10.0865
8.86495
11.1669
10.188
11.6008
11.6964
8.92808
10.707
10.0009
9.97193
10.3539
9.39233
10.0886
9.11107
10.7737
9.20315
10.1174
10.4623
9.7738
11.038
11.6782
10.7868
10.1176
11.2725
10.866
9.36173
11.2693
10.9619
10.4306
10.7969
9.95421
10.1554
10.572
10.9156
9.08005
11.0174
10.0154
9.43869
8.92727
10.0986
9.40021
8.01298
9.26591
8.73335
10.5924
9.40632
10.6996
10.7898
10.0472
10.8932
7.89573
9.11989
10.3066
8.79252
9.88874
11.5991
11.2077
10.8819
9.92426
8.41783
10.7335
11.0717
11.4713
10.4183
10.4225
10.0041
9.69127
10.1755
10.8619
9.7553
10.7818
12.1894
9.34584
8.58782
11.3233
9.08895
11.0789
10.7978
8.81068
9.50366
10.0172
11.8605
11.0996
10.0701
10.0103
8.22459
9.5749
10.7477
9.64974
8.91578
7.96339
11.6948
11.1026
11.1468
9.50426
9.60842
9.59006
8.93639
9.1548
10.447
8.98444
10.3307
10.0442
8.90151
11.2843
9.39406
9.67382
10.3645
8.47977
10.9908
11.5032
9.6866
9.54108
10.6495
8.7805
11.5223
11.1326
9.72245
10.7757
8.24598
8.88896
8.31035
10.5403
10.8273
10.1428
9.40823
7.57897
10.6816
10.0004
10.3756
9.69654
9.76022
8.73543
8.89866
8.98286
9.04653
10.8297
8.44732
10.4146
7.79572
10.0418
9.40482
10.8134
11.4357
10.7609
8.30371
9.67729
10.7034
8.80704
12.0549
10.9356
12.925
8.77341
9.83566
10.9018
11.9047
10.7967
9.13382
10.7216
10.5842
1